# Blender 3.4.1
# www.blender.org
mtllib campfire.mtl
o Plane
v -0.461936 -0.076221 0.482607
v 0.550472 -0.076221 0.482607
v -0.461936 -0.076221 -0.529801
v 0.550472 -0.076221 -0.529801
vn -0.0000 1.0000 -0.0000
vt 0.000000 0.000000
vt 1.000000 0.000000
vt 0.000000 1.000000
vt 1.000000 1.000000
s 0
f 1/1/1 2/2/1 4/4/1 3/3/1
o Cube
v 0.499945 0.067809 -0.450438
v 0.248914 0.043796 -0.532318
v 0.522774 -0.196237 -0.442991
v 0.271744 -0.220251 -0.524872
v 0.417726 0.067809 -0.198371
v 0.166696 0.043796 -0.280252
v 0.440556 -0.196237 -0.190925
v 0.189525 -0.220251 -0.272806
vn 0.9468 0.0906 0.3088
vn 0.0861 -0.9959 0.0281
vn -0.3101 -0.0000 0.9507
vn -0.9468 -0.0906 -0.3088
vn 0.3101 -0.0000 -0.9507
vn -0.0861 0.9959 -0.0281
vt 0.625000 0.500000
vt 0.375000 0.500000
vt 0.625000 0.750000
vt 0.375000 0.750000
vt 0.875000 0.500000
vt 0.625000 0.250000
vt 0.125000 0.500000
vt 0.375000 0.250000
vt 0.875000 0.750000
vt 0.625000 1.000000
vt 0.625000 0.000000
vt 0.375000 1.000000
vt 0.375000 0.000000
vt 0.125000 0.750000
s 0
usemtl Flame
f 5/5/2 9/9/2 11/13/2 7/7/2
f 8/8/3 7/7/3 11/14/3 12/16/3
f 12/17/4 11/15/4 9/10/4 10/12/4
f 10/11/5 6/6/5 8/8/5 12/18/5
f 6/6/6 5/5/6 7/7/6 8/8/6
f 10/12/7 9/10/7 5/5/7 6/6/7
o Cube
v 0.459892 0.040057 -0.362670
v 0.647130 0.023230 -0.469817
v 0.445288 -0.175672 -0.354313
v 0.632526 -0.192498 -0.461460
v 0.352419 0.040057 -0.550478
v 0.539658 0.023230 -0.657625
v 0.337815 -0.175672 -0.542120
v 0.525054 -0.192498 -0.649267
vn -0.8653 0.0778 0.4952
vn -0.0675 -0.9970 0.0386
vn -0.4967 -0.0000 -0.8679
vn 0.8653 -0.0778 -0.4952
vn 0.4967 -0.0000 0.8679
vn 0.0675 0.9970 -0.0386
vt 0.625000 0.500000
vt 0.375000 0.500000
vt 0.625000 0.750000
vt 0.375000 0.750000
vt 0.875000 0.500000
vt 0.625000 0.250000
vt 0.125000 0.500000
vt 0.375000 0.250000
vt 0.875000 0.750000
vt 0.625000 1.000000
vt 0.625000 0.000000
vt 0.375000 1.000000
vt 0.375000 0.000000
vt 0.125000 0.750000
s 0
usemtl Flame
f 13/19/8 17/23/8 19/27/8 15/21/8
f 16/22/9 15/21/9 19/28/9 20/30/9
f 20/31/10 19/29/10 17/24/10 18/26/10
f 18/25/11 14/20/11 16/22/11 20/32/11
f 14/20/12 13/19/12 15/21/12 16/22/12
f 18/26/13 17/24/13 13/19/13 14/20/13
o Cube
v 0.047936 0.116416 0.695948
v 0.302606 0.086644 0.447907
v 0.026609 -0.239085 0.716720
v 0.281278 -0.268857 0.468679
v -0.200973 0.116416 0.440387
v 0.053697 0.086644 0.192346
v -0.222300 -0.239085 0.461159
v 0.032369 -0.268857 0.213119
vn -0.7139 0.0835 0.6953
vn -0.0598 -0.9965 0.0582
vn -0.6977 -0.0000 -0.7164
vn 0.7139 -0.0835 -0.6953
vn 0.6977 -0.0000 0.7164
vn 0.0598 0.9965 -0.0582
vt 0.625000 0.500000
vt 0.375000 0.500000
vt 0.625000 0.750000
vt 0.375000 0.750000
vt 0.875000 0.500000
vt 0.625000 0.250000
vt 0.125000 0.500000
vt 0.375000 0.250000
vt 0.875000 0.750000
vt 0.625000 1.000000
vt 0.625000 0.000000
vt 0.375000 1.000000
vt 0.375000 0.000000
vt 0.125000 0.750000
s 0
usemtl Flame
f 21/33/14 25/37/14 27/41/14 23/35/14
f 24/36/15 23/35/15 27/42/15 28/44/15
f 28/45/16 27/43/16 25/38/16 26/40/16
f 26/39/17 22/34/17 24/36/17 28/46/17
f 22/34/18 21/33/18 23/35/18 24/36/18
f 26/40/19 25/38/19 21/33/19 22/34/19
o Cube
v 0.207964 0.095010 0.347715
v 0.376078 0.067693 0.081156
v 0.193392 -0.220134 0.370820
v 0.361506 -0.247451 0.104262
v -0.059594 0.095010 0.178971
v 0.108520 0.067693 -0.087588
v -0.074166 -0.220134 0.202076
v 0.093948 -0.247451 -0.064482
vn -0.5315 0.0864 0.8427
vn -0.0461 -0.9963 0.0730
vn -0.8458 -0.0000 -0.5335
vn 0.5315 -0.0864 -0.8427
vn 0.8458 -0.0000 0.5335
vn 0.0461 0.9963 -0.0730
vt 0.625000 0.500000
vt 0.375000 0.500000
vt 0.625000 0.750000
vt 0.375000 0.750000
vt 0.875000 0.500000
vt 0.625000 0.250000
vt 0.125000 0.500000
vt 0.375000 0.250000
vt 0.875000 0.750000
vt 0.625000 1.000000
vt 0.625000 0.000000
vt 0.375000 1.000000
vt 0.375000 0.000000
vt 0.125000 0.750000
s 0
usemtl Flame
f 29/47/20 33/51/20 35/55/20 31/49/20
f 32/50/21 31/49/21 35/56/21 36/58/21
f 36/59/22 35/57/22 33/52/22 34/54/22
f 34/53/23 30/48/23 32/50/23 36/60/23
f 30/48/24 29/47/24 31/49/24 32/50/24
f 34/54/25 33/52/25 29/47/25 30/48/25
o Cube
v 0.019919 0.100558 0.258375
v 0.288066 0.069016 0.080075
v -0.006346 -0.221457 0.275840
v 0.261801 -0.252999 0.097540
v -0.159234 0.100558 -0.011055
v 0.108913 0.069016 -0.189355
v -0.185499 -0.221457 0.006410
v 0.082648 -0.252999 -0.171890
vn -0.8287 0.0975 0.5511
vn -0.0812 -0.9952 0.0540
vn -0.5537 -0.0000 -0.8327
vn 0.8287 -0.0975 -0.5511
vn 0.5537 -0.0000 0.8327
vn 0.0812 0.9952 -0.0540
vt 0.625000 0.500000
vt 0.375000 0.500000
vt 0.625000 0.750000
vt 0.375000 0.750000
vt 0.875000 0.500000
vt 0.625000 0.250000
vt 0.125000 0.500000
vt 0.375000 0.250000
vt 0.875000 0.750000
vt 0.625000 1.000000
vt 0.625000 0.000000
vt 0.375000 1.000000
vt 0.375000 0.000000
vt 0.125000 0.750000
s 0
usemtl Flame
f 37/61/26 41/65/26 43/69/26 39/63/26
f 40/64/27 39/63/27 43/70/27 44/72/27
f 44/73/28 43/71/28 41/66/28 42/68/28
f 42/67/29 38/62/29 40/64/29 44/74/29
f 38/62/30 37/61/30 39/63/30 40/64/30
f 42/68/31 41/66/31 37/61/31 38/62/31
o Cube
v -0.341094 0.069289 -0.030519
v -0.139246 0.051348 0.153409
v -0.354355 -0.203789 -0.042603
v -0.152507 -0.221731 0.141325
v -0.156769 0.069289 -0.232802
v 0.045078 0.051348 -0.048874
v -0.170031 -0.203789 -0.244886
v 0.031817 -0.221731 -0.060958
vn -0.7376 0.0656 -0.6721
vn -0.0485 -0.9978 -0.0442
vn 0.6735 -0.0000 -0.7392
vn 0.7376 -0.0656 0.6721
vn -0.6735 -0.0000 0.7392
vn 0.0485 0.9978 0.0442
vt 0.625000 0.500000
vt 0.375000 0.500000
vt 0.625000 0.750000
vt 0.375000 0.750000
vt 0.875000 0.500000
vt 0.625000 0.250000
vt 0.125000 0.500000
vt 0.375000 0.250000
vt 0.875000 0.750000
vt 0.625000 1.000000
vt 0.625000 0.000000
vt 0.375000 1.000000
vt 0.375000 0.000000
vt 0.125000 0.750000
s 0
usemtl Flame
f 45/75/32 49/79/32 51/83/32 47/77/32
f 48/78/33 47/77/33 51/84/33 52/86/33
f 52/87/34 51/85/34 49/80/34 50/82/34
f 50/81/35 46/76/35 48/78/35 52/88/35
f 46/76/36 45/75/36 47/77/36 48/78/36
f 50/82/37 49/80/37 45/75/37 46/76/37
o Cube
v -0.145976 0.058463 0.222401
v -0.145033 0.033790 0.467093
v -0.146071 -0.186231 0.197728
v -0.145128 -0.210904 0.442421
v 0.099958 0.058463 0.221453
v 0.100900 0.033790 0.466146
v 0.099862 -0.186231 0.196780
v 0.100805 -0.210904 0.441473
vn -0.0038 0.1003 -0.9949
vn -0.0004 -0.9950 -0.1003
vn 1.0000 -0.0000 -0.0039
vn 0.0038 -0.1003 0.9949
vn -1.0000 -0.0000 0.0039
vn 0.0004 0.9950 0.1003
vt 0.625000 0.500000
vt 0.375000 0.500000
vt 0.625000 0.750000
vt 0.375000 0.750000
vt 0.875000 0.500000
vt 0.625000 0.250000
vt 0.125000 0.500000
vt 0.375000 0.250000
vt 0.875000 0.750000
vt 0.625000 1.000000
vt 0.625000 0.000000
vt 0.375000 1.000000
vt 0.375000 0.000000
vt 0.125000 0.750000
s 0
usemtl Flame
f 53/89/38 57/93/38 59/97/38 55/91/38
f 56/92/39 55/91/39 59/98/39 60/100/39
f 60/101/40 59/99/40 57/94/40 58/96/40
f 58/95/41 54/90/41 56/92/41 60/102/41
f 54/90/42 53/89/42 55/91/42 56/92/42
f 58/96/43 57/94/43 53/89/43 54/90/43
o Cube
v 0.546646 0.046648 0.143445
v 0.340006 0.023933 0.227341
v 0.567693 -0.176374 0.134900
v 0.361053 -0.199089 0.218796
v 0.630976 0.046648 0.351154
v 0.424336 0.023933 0.435050
v 0.652023 -0.176374 0.342609
v 0.445383 -0.199089 0.426505
vn 0.9218 0.1013 -0.3742
vn 0.0939 -0.9949 -0.0381
vn 0.3762 -0.0000 0.9265
vn -0.9218 -0.1013 0.3742
vn -0.3762 -0.0000 -0.9265
vn -0.0939 0.9949 0.0381
vt 0.625000 0.500000
vt 0.375000 0.500000
vt 0.625000 0.750000
vt 0.375000 0.750000
vt 0.875000 0.500000
vt 0.625000 0.250000
vt 0.125000 0.500000
vt 0.375000 0.250000
vt 0.875000 0.750000
vt 0.625000 1.000000
vt 0.625000 0.000000
vt 0.375000 1.000000
vt 0.375000 0.000000
vt 0.125000 0.750000
s 0
usemtl Flame
f 61/103/44 65/107/44 67/111/44 63/105/44
f 64/106/45 63/105/45 67/112/45 68/114/45
f 68/115/46 67/113/46 65/108/46 66/110/46
f 66/109/47 62/104/47 64/106/47 68/116/47
f 62/104/48 61/103/48 63/105/48 64/106/48
f 66/110/49 65/108/49 61/103/49 62/104/49
o Cube
v -0.031104 0.041035 -0.641185
v -0.192941 0.032131 -0.483998
v -0.024718 -0.184573 -0.647388
v -0.186554 -0.193476 -0.490201
v 0.126205 0.041035 -0.479223
v -0.035631 0.032131 -0.322036
v 0.132592 -0.184573 -0.485426
v -0.029245 -0.193476 -0.328239
vn 0.7168 0.0394 -0.6962
vn 0.0283 -0.9992 -0.0275
vn 0.6967 -0.0000 0.7173
vn -0.7168 -0.0394 0.6962
vn -0.6967 -0.0000 -0.7173
vn -0.0283 0.9992 0.0275
vt 0.625000 0.500000
vt 0.375000 0.500000
vt 0.625000 0.750000
vt 0.375000 0.750000
vt 0.875000 0.500000
vt 0.625000 0.250000
vt 0.125000 0.500000
vt 0.375000 0.250000
vt 0.875000 0.750000
vt 0.625000 1.000000
vt 0.625000 0.000000
vt 0.375000 1.000000
vt 0.375000 0.000000
vt 0.125000 0.750000
s 0
usemtl Flame
f 69/117/50 73/121/50 75/125/50 71/119/50
f 72/120/51 71/119/51 75/126/51 76/128/51
f 76/129/52 75/127/52 73/122/52 74/124/52
f 74/123/53 70/118/53 72/120/53 76/130/53
f 70/118/54 69/117/54 71/119/54 72/120/54
f 74/124/55 73/122/55 69/117/55 70/118/55
o Cube
v -0.397946 0.107268 -0.478587
v -0.640895 0.077142 -0.245253
v -0.376218 -0.229583 -0.499456
v -0.619166 -0.259710 -0.266121
v -0.163680 0.107268 -0.234669
v -0.406629 0.077142 -0.001335
v -0.141952 -0.229583 -0.255537
v -0.384901 -0.259709 -0.022203
vn 0.7184 0.0891 -0.6899
vn 0.0642 -0.9960 -0.0617
vn 0.6927 -0.0000 0.7212
vn -0.7184 -0.0891 0.6899
vn -0.6927 -0.0000 -0.7212
vn -0.0642 0.9960 0.0617
vt 0.625000 0.500000
vt 0.375000 0.500000
vt 0.625000 0.750000
vt 0.375000 0.750000
vt 0.875000 0.500000
vt 0.625000 0.250000
vt 0.125000 0.500000
vt 0.375000 0.250000
vt 0.875000 0.750000
vt 0.625000 1.000000
vt 0.625000 0.000000
vt 0.375000 1.000000
vt 0.375000 0.000000
vt 0.125000 0.750000
s 0
usemtl Flame
f 77/131/56 81/135/56 83/139/56 79/133/56
f 80/134/57 79/133/57 83/140/57 84/142/57
f 84/143/58 83/141/58 81/136/58 82/138/58
f 82/137/59 78/132/59 80/134/59 84/144/59
f 78/132/60 77/131/60 79/133/60 80/134/60
f 82/138/61 81/136/61 77/131/61 78/132/61
o Cube
v -0.256974 0.034321 -0.230085
v -0.069214 0.021997 -0.321334
v -0.268059 -0.174438 -0.224698
v -0.080299 -0.186762 -0.315947
v -0.348382 0.034321 -0.418172
v -0.160622 0.021996 -0.509421
v -0.359467 -0.174438 -0.412784
v -0.171707 -0.186762 -0.504034
vn -0.8978 0.0589 0.4363
vn -0.0530 -0.9983 0.0258
vn -0.4371 -0.0000 -0.8994
vn 0.8978 -0.0589 -0.4363
vn 0.4371 -0.0000 0.8994
vn 0.0530 0.9983 -0.0258
vt 0.625000 0.500000
vt 0.375000 0.500000
vt 0.625000 0.750000
vt 0.375000 0.750000
vt 0.875000 0.500000
vt 0.625000 0.250000
vt 0.125000 0.500000
vt 0.375000 0.250000
vt 0.875000 0.750000
vt 0.625000 1.000000
vt 0.625000 0.000000
vt 0.375000 1.000000
vt 0.375000 0.000000
vt 0.125000 0.750000
s 0
usemtl Flame
f 85/145/62 89/149/62 91/153/62 87/147/62
f 88/148/63 87/147/63 91/154/63 92/156/63
f 92/157/64 91/155/64 89/150/64 90/152/64
f 90/151/65 86/146/65 88/148/65 92/158/65
f 86/146/66 85/145/66 87/147/66 88/148/66
f 90/152/67 89/150/67 85/145/67 86/146/67
o Cube
v -0.050102 0.077533 -0.287196
v 0.041019 0.054796 -0.556994
v -0.057377 -0.207237 -0.265654
v 0.033744 -0.229974 -0.535452
v -0.320758 0.077533 -0.378607
v -0.229638 0.054796 -0.648405
v -0.328034 -0.207237 -0.357064
v -0.236913 -0.229974 -0.626863
vn -0.3190 0.0796 0.9444
vn -0.0255 -0.9968 0.0754
vn -0.9474 -0.0000 -0.3200
vn 0.3190 -0.0796 -0.9444
vn 0.9474 -0.0000 0.3200
vn 0.0255 0.9968 -0.0754
vt 0.625000 0.500000
vt 0.375000 0.500000
vt 0.625000 0.750000
vt 0.375000 0.750000
vt 0.875000 0.500000
vt 0.625000 0.250000
vt 0.125000 0.500000
vt 0.375000 0.250000
vt 0.875000 0.750000
vt 0.625000 1.000000
vt 0.625000 0.000000
vt 0.375000 1.000000
vt 0.375000 0.000000
vt 0.125000 0.750000
s 0
usemtl Flame
f 93/159/68 97/163/68 99/167/68 95/161/68
f 96/162/69 95/161/69 99/168/69 100/170/69
f 100/171/70 99/169/70 97/164/70 98/166/70
f 98/165/71 94/160/71 96/162/71 100/172/71
f 94/160/72 93/159/72 95/161/72 96/162/72
f 98/166/73 97/164/73 93/159/73 94/160/73
o Cube
v -0.164534 0.094549 -0.005327
v -0.471259 0.065071 0.052139
v -0.135560 -0.217513 -0.010755
v -0.442285 -0.246991 0.046710
v -0.106812 0.094549 0.302764
v -0.413538 0.065071 0.360229
v -0.077839 -0.217513 0.297335
v -0.384564 -0.246991 0.354801
vn 0.9785 0.0940 -0.1833
vn 0.0924 -0.9956 -0.0173
vn 0.1841 -0.0000 0.9829
vn -0.9785 -0.0940 0.1833
vn -0.1841 -0.0000 -0.9829
vn -0.0924 0.9956 0.0173
vt 0.625000 0.500000
vt 0.375000 0.500000
vt 0.625000 0.750000
vt 0.375000 0.750000
vt 0.875000 0.500000
vt 0.625000 0.250000
vt 0.125000 0.500000
vt 0.375000 0.250000
vt 0.875000 0.750000
vt 0.625000 1.000000
vt 0.625000 0.000000
vt 0.375000 1.000000
vt 0.375000 0.000000
vt 0.125000 0.750000
s 0
usemtl Flame
f 101/173/74 105/177/74 107/181/74 103/175/74
f 104/176/75 103/175/75 107/182/75 108/184/75
f 108/185/76 107/183/76 105/178/76 106/180/76
f 106/179/77 102/174/77 104/176/77 108/186/77
f 102/174/78 101/173/78 103/175/78 104/176/78
f 106/180/79 105/178/79 101/173/79 102/174/79
o Cube
v -0.164427 0.088687 -0.243852
v -0.254918 0.071034 0.054906
v -0.159310 -0.223475 -0.260747
v -0.249800 -0.241128 0.038011
v 0.134809 0.088687 -0.153217
v 0.044318 0.071034 0.145542
v 0.139926 -0.223475 -0.170112
v 0.049435 -0.241128 0.128647
vn 0.2894 0.0565 -0.9555
vn 0.0164 -0.9984 -0.0540
vn 0.9571 -0.0000 0.2899
vn -0.2894 -0.0565 0.9555
vn -0.9571 -0.0000 -0.2899
vn -0.0164 0.9984 0.0540
vt 0.625000 0.500000
vt 0.375000 0.500000
vt 0.625000 0.750000
vt 0.375000 0.750000
vt 0.875000 0.500000
vt 0.625000 0.250000
vt 0.125000 0.500000
vt 0.375000 0.250000
vt 0.875000 0.750000
vt 0.625000 1.000000
vt 0.625000 0.000000
vt 0.375000 1.000000
vt 0.375000 0.000000
vt 0.125000 0.750000
s 0
usemtl Flame
f 109/187/80 113/191/80 115/195/80 111/189/80
f 112/190/81 111/189/81 115/196/81 116/198/81
f 116/199/82 115/197/82 113/192/82 114/194/82
f 114/193/83 110/188/83 112/190/83 116/200/83
f 110/188/84 109/187/84 111/189/84 112/190/84
f 114/194/85 113/192/85 109/187/85 110/188/85
o Cube
v 0.221752 0.032009 0.164291
v 0.107301 0.016406 -0.000767
v 0.230643 -0.168847 0.177113
v 0.116192 -0.184450 0.012055
v 0.056197 0.032009 0.279087
v -0.058254 0.016406 0.114029
v 0.065087 -0.168847 0.291909
v -0.049363 -0.184450 0.126851
vn 0.5681 0.0774 0.8193
vn 0.0441 -0.9970 0.0636
vn -0.8218 -0.0000 0.5698
vn -0.5681 -0.0774 -0.8193
vn 0.8218 -0.0000 -0.5698
vn -0.0441 0.9970 -0.0636
vt 0.625000 0.500000
vt 0.375000 0.500000
vt 0.625000 0.750000
vt 0.375000 0.750000
vt 0.875000 0.500000
vt 0.625000 0.250000
vt 0.125000 0.500000
vt 0.375000 0.250000
vt 0.875000 0.750000
vt 0.625000 1.000000
vt 0.625000 0.000000
vt 0.375000 1.000000
vt 0.375000 0.000000
vt 0.125000 0.750000
s 0
usemtl Flame
f 117/201/86 121/205/86 123/209/86 119/203/86
f 120/204/87 119/203/87 123/210/87 124/212/87
f 124/213/88 123/211/88 121/206/88 122/208/88
f 122/207/89 118/202/89 120/204/89 124/214/89
f 118/202/90 117/201/90 119/203/90 120/204/90
f 122/208/91 121/206/91 117/201/91 118/202/91
o Cube
v -0.079659 0.117375 -0.078670
v -0.011564 0.082405 0.266907
v -0.086419 -0.234847 -0.112980
v -0.018324 -0.269817 0.232597
v 0.267617 0.117375 -0.147100
v 0.335712 0.082405 0.198477
v 0.260857 -0.234847 -0.181410
v 0.328952 -0.269817 0.164167
vn -0.1924 0.0988 -0.9763
vn -0.0191 -0.9951 -0.0969
vn 0.9811 -0.0000 -0.1933
vn 0.1924 -0.0988 0.9763
vn -0.9811 -0.0000 0.1933
vn 0.0191 0.9951 0.0969
vt 0.625000 0.500000
vt 0.375000 0.500000
vt 0.625000 0.750000
vt 0.375000 0.750000
vt 0.875000 0.500000
vt 0.625000 0.250000
vt 0.125000 0.500000
vt 0.375000 0.250000
vt 0.875000 0.750000
vt 0.625000 1.000000
vt 0.625000 0.000000
vt 0.375000 1.000000
vt 0.375000 0.000000
vt 0.125000 0.750000
s 0
usemtl Flame
f 125/215/92 129/219/92 131/223/92 127/217/92
f 128/218/93 127/217/93 131/224/93 132/226/93
f 132/227/94 131/225/94 129/220/94 130/222/94
f 130/221/95 126/216/95 128/218/95 132/228/95
f 126/216/96 125/215/96 127/217/96 128/218/96
f 130/222/97 129/220/97 125/215/97 126/216/97
o Cube
v 0.345491 0.051236 0.117410
v 0.115826 0.032678 0.061573
v 0.363523 -0.185119 0.121795
v 0.133859 -0.203677 0.065957
v 0.289481 0.051236 0.347781
v 0.059817 0.032678 0.291944
v 0.307514 -0.185119 0.352166
v 0.077849 -0.203677 0.296328
vn 0.9687 0.0783 0.2355
vn 0.0761 -0.9969 0.0185
vn -0.2362 -0.0000 0.9717
vn -0.9687 -0.0783 -0.2355
vn 0.2362 -0.0000 -0.9717
vn -0.0761 0.9969 -0.0185
vt 0.625000 0.500000
vt 0.375000 0.500000
vt 0.625000 0.750000
vt 0.375000 0.750000
vt 0.875000 0.500000
vt 0.625000 0.250000
vt 0.125000 0.500000
vt 0.375000 0.250000
vt 0.875000 0.750000
vt 0.625000 1.000000
vt 0.625000 0.000000
vt 0.375000 1.000000
vt 0.375000 0.000000
vt 0.125000 0.750000
s 0
usemtl Flame
f 133/229/98 137/233/98 139/237/98 135/231/98
f 136/232/99 135/231/99 139/238/99 140/240/99
f 140/241/100 139/239/100 137/234/100 138/236/100
f 138/235/101 134/230/101 136/232/101 140/242/101
f 134/230/102 133/229/102 135/231/102 136/232/102
f 138/236/103 137/234/103 133/229/103 134/230/103
o Cube
v 0.389310 0.067863 -0.420519
v 0.447290 0.040453 -0.166289
v 0.383215 -0.192894 -0.447243
v 0.441196 -0.220305 -0.193013
v 0.644940 0.067863 -0.478819
v 0.702921 0.040453 -0.224589
v 0.638845 -0.192894 -0.505543
v 0.696826 -0.220305 -0.251313
vn -0.2211 0.1045 -0.9696
vn -0.0232 -0.9945 -0.1019
vn 0.9750 -0.0000 -0.2224
vn 0.2211 -0.1045 0.9696
vn -0.9750 -0.0000 0.2224
vn 0.0232 0.9945 0.1019
vt 0.625000 0.500000
vt 0.375000 0.500000
vt 0.625000 0.750000
vt 0.375000 0.750000
vt 0.875000 0.500000
vt 0.625000 0.250000
vt 0.125000 0.500000
vt 0.375000 0.250000
vt 0.875000 0.750000
vt 0.625000 1.000000
vt 0.625000 0.000000
vt 0.375000 1.000000
vt 0.375000 0.000000
vt 0.125000 0.750000
s 0
usemtl Flame
f 141/243/104 145/247/104 147/251/104 143/245/104
f 144/246/105 143/245/105 147/252/105 148/254/105
f 148/255/106 147/253/106 145/248/106 146/250/106
f 146/249/107 142/244/107 144/246/107 148/256/107
f 142/244/108 141/243/108 143/245/108 144/246/108
f 146/250/109 145/248/109 141/243/109 142/244/109
o Cube
v 0.419315 0.121596 0.504718
v 0.380122 0.084106 0.148726
v 0.423417 -0.236547 0.541982
v 0.384224 -0.274037 0.185990
v 0.061377 0.121596 0.544125
v 0.022185 0.084106 0.188133
v 0.065480 -0.236547 0.581389
v 0.026287 -0.274037 0.225397
vn 0.1088 0.1041 0.9886
vn 0.0114 -0.9946 0.1035
vn -0.9940 -0.0000 0.1094
vn -0.1088 -0.1041 -0.9886
vn 0.9940 -0.0000 -0.1094
vn -0.0114 0.9946 -0.1035
vt 0.625000 0.500000
vt 0.375000 0.500000
vt 0.625000 0.750000
vt 0.375000 0.750000
vt 0.875000 0.500000
vt 0.625000 0.250000
vt 0.125000 0.500000
vt 0.375000 0.250000
vt 0.875000 0.750000
vt 0.625000 1.000000
vt 0.625000 0.000000
vt 0.375000 1.000000
vt 0.375000 0.000000
vt 0.125000 0.750000
s 0
usemtl Flame
f 149/257/110 153/261/110 155/265/110 151/259/110
f 152/260/111 151/259/111 155/266/111 156/268/111
f 156/269/112 155/267/112 153/262/112 154/264/112
f 154/263/113 150/258/113 152/260/113 156/270/113
f 150/258/114 149/257/114 151/259/114 152/260/114
f 154/264/115 153/262/115 149/257/115 150/258/115
o Cube
v -0.452035 0.085489 0.218071
v -0.153239 0.060890 0.221927
v -0.476632 -0.213332 0.217754
v -0.177836 -0.237931 0.221610
v -0.448166 0.085489 -0.081736
v -0.149370 0.060890 -0.077880
v -0.472763 -0.213332 -0.082053
v -0.173967 -0.237931 -0.078197
vn -0.9965 0.0820 -0.0129
vn -0.0820 -0.9966 -0.0011
vn 0.0129 -0.0000 -0.9999
vn 0.9965 -0.0820 0.0129
vn -0.0129 -0.0000 0.9999
vn 0.0820 0.9966 0.0011
vt 0.625000 0.500000
vt 0.375000 0.500000
vt 0.625000 0.750000
vt 0.375000 0.750000
vt 0.875000 0.500000
vt 0.625000 0.250000
vt 0.125000 0.500000
vt 0.375000 0.250000
vt 0.875000 0.750000
vt 0.625000 1.000000
vt 0.625000 0.000000
vt 0.375000 1.000000
vt 0.375000 0.000000
vt 0.125000 0.750000
s 0
usemtl Flame
f 157/271/116 161/275/116 163/279/116 159/273/116
f 160/274/117 159/273/117 163/280/117 164/282/117
f 164/283/118 163/281/118 161/276/118 162/278/118
f 162/277/119 158/272/119 160/274/119 164/284/119
f 158/272/120 157/271/120 159/273/120 160/274/120
f 162/278/121 161/276/121 157/271/121 158/272/121
o Cube
v -0.375151 0.106108 -0.232267
v -0.379716 0.071446 0.097696
v -0.374672 -0.223887 -0.266925
v -0.379237 -0.258549 0.063038
v -0.043373 0.106108 -0.227677
v -0.047938 0.071446 0.102286
v -0.042894 -0.223887 -0.262336
v -0.047458 -0.258549 0.067627
vn 0.0138 0.1045 -0.9944
vn 0.0014 -0.9945 -0.1045
vn 0.9999 -0.0000 0.0138
vn -0.0138 -0.1045 0.9944
vn -0.9999 -0.0000 -0.0138
vn -0.0014 0.9945 0.1045
vt 0.625000 0.500000
vt 0.375000 0.500000
vt 0.625000 0.750000
vt 0.375000 0.750000
vt 0.875000 0.500000
vt 0.625000 0.250000
vt 0.125000 0.500000
vt 0.375000 0.250000
vt 0.875000 0.750000
vt 0.625000 1.000000
vt 0.625000 0.000000
vt 0.375000 1.000000
vt 0.375000 0.000000
vt 0.125000 0.750000
s 0
usemtl Flame
f 165/285/122 169/289/122 171/293/122 167/287/122
f 168/288/123 167/287/123 171/294/123 172/296/123
f 172/297/124 171/295/124 169/290/124 170/292/124
f 170/291/125 166/286/125 168/288/125 172/298/125
f 166/286/126 165/285/126 167/287/126 168/288/126
f 170/292/127 169/290/127 165/285/127 166/286/127
o Cube
v 0.048686 0.042247 0.409517
v 0.030759 0.028475 0.187075
v 0.049793 -0.180916 0.423245
v 0.031866 -0.194689 0.200803
v -0.174179 0.042247 0.427478
v -0.192106 0.028474 0.205036
v -0.173072 -0.180916 0.441206
v -0.190999 -0.194689 0.218765
vn 0.0802 0.0616 0.9949
vn 0.0049 -0.9981 0.0614
vn -0.9968 -0.0000 0.0803
vn -0.0802 -0.0616 -0.9949
vn 0.9968 -0.0000 -0.0803
vn -0.0049 0.9981 -0.0614
vt 0.625000 0.500000
vt 0.375000 0.500000
vt 0.625000 0.750000
vt 0.375000 0.750000
vt 0.875000 0.500000
vt 0.625000 0.250000
vt 0.125000 0.500000
vt 0.375000 0.250000
vt 0.875000 0.750000
vt 0.625000 1.000000
vt 0.625000 0.000000
vt 0.375000 1.000000
vt 0.375000 0.000000
vt 0.125000 0.750000
s 0
usemtl Flame
f 173/299/128 177/303/128 179/307/128 175/301/128
f 176/302/129 175/301/129 179/308/129 180/310/129
f 180/311/130 179/309/130 177/304/130 178/306/130
f 178/305/131 174/300/131 176/302/131 180/312/131
f 174/300/132 173/299/132 175/301/132 176/302/132
f 178/306/133 177/304/133 173/299/133 174/300/133
o Cube
v 0.522384 0.071042 -0.042031
v 0.693221 0.044861 -0.248969
v 0.505717 -0.197303 -0.021841
v 0.676554 -0.223483 -0.228780
v 0.314463 0.071042 -0.213679
v 0.485300 0.044861 -0.420617
v 0.297796 -0.197303 -0.193489
v 0.468633 -0.223483 -0.400427
vn -0.6336 0.0971 0.7675
vn -0.0618 -0.9953 0.0749
vn -0.7712 -0.0000 -0.6366
vn 0.6336 -0.0971 -0.7675
vn 0.7712 -0.0000 0.6366
vn 0.0618 0.9953 -0.0749
vt 0.625000 0.500000
vt 0.375000 0.500000
vt 0.625000 0.750000
vt 0.375000 0.750000
vt 0.875000 0.500000
vt 0.625000 0.250000
vt 0.125000 0.500000
vt 0.375000 0.250000
vt 0.875000 0.750000
vt 0.625000 1.000000
vt 0.625000 0.000000
vt 0.375000 1.000000
vt 0.375000 0.000000
vt 0.125000 0.750000
s 0
usemtl Flame
f 181/313/134 185/317/134 187/321/134 183/315/134
f 184/316/135 183/315/135 187/322/135 188/324/135
f 188/325/136 187/323/136 185/318/136 186/320/136
f 186/319/137 182/314/137 184/316/137 188/326/137
f 182/314/138 181/313/138 183/315/138 184/316/138
f 186/320/139 185/318/139 181/313/139 182/314/139
o Cube
v -0.230416 0.124177 0.131243
v 0.074664 0.090607 0.335646
v -0.258304 -0.243048 0.112557
v 0.046775 -0.276618 0.316961
v -0.025160 0.124177 -0.175109
v 0.279919 0.090607 0.029294
v -0.053049 -0.243048 -0.193794
v 0.252031 -0.276618 0.010609
vn -0.8273 0.0910 -0.5543
vn -0.0756 -0.9958 -0.0507
vn 0.5566 -0.0000 -0.8308
vn 0.8273 -0.0910 0.5543
vn -0.5566 -0.0000 0.8308
vn 0.0756 0.9958 0.0507
vt 0.625000 0.500000
vt 0.375000 0.500000
vt 0.625000 0.750000
vt 0.375000 0.750000
vt 0.875000 0.500000
vt 0.625000 0.250000
vt 0.125000 0.500000
vt 0.375000 0.250000
vt 0.875000 0.750000
vt 0.625000 1.000000
vt 0.625000 0.000000
vt 0.375000 1.000000
vt 0.375000 0.000000
vt 0.125000 0.750000
s 0
usemtl Flame
f 189/327/140 193/331/140 195/335/140 191/329/140
f 192/330/141 191/329/141 195/336/141 196/338/141
f 196/339/142 195/337/142 193/332/142 194/334/142
f 194/333/143 190/328/143 192/330/143 196/340/143
f 190/328/144 189/327/144 191/329/144 192/330/144
f 194/334/145 193/332/145 189/327/145 190/328/145
o Cube
v -0.161256 0.067152 0.203372
v -0.327317 0.045310 0.409763
v -0.147564 -0.197751 0.186354
v -0.313625 -0.219593 0.392745
v 0.045836 0.067152 0.369996
v -0.120225 0.045310 0.576388
v 0.059528 -0.197751 0.352979
v -0.106533 -0.219593 0.559370
vn 0.6248 0.0822 -0.7765
vn 0.0515 -0.9966 -0.0640
vn 0.7791 -0.0000 0.6269
vn -0.6248 -0.0822 0.7765
vn -0.7791 -0.0000 -0.6269
vn -0.0515 0.9966 0.0640
vt 0.625000 0.500000
vt 0.375000 0.500000
vt 0.625000 0.750000
vt 0.375000 0.750000
vt 0.875000 0.500000
vt 0.625000 0.250000
vt 0.125000 0.500000
vt 0.375000 0.250000
vt 0.875000 0.750000
vt 0.625000 1.000000
vt 0.625000 0.000000
vt 0.375000 1.000000
vt 0.375000 0.000000
vt 0.125000 0.750000
s 0
usemtl Flame
f 197/341/146 201/345/146 203/349/146 199/343/146
f 200/344/147 199/343/147 203/350/147 204/352/147
f 204/353/148 203/351/148 201/346/148 202/348/148
f 202/347/149 198/342/149 200/344/149 204/354/149
f 198/342/150 197/341/150 199/343/150 200/344/150
f 202/348/151 201/346/151 197/341/151 198/342/151
o Cube
v 0.395831 0.123546 -0.761147
v 0.155979 0.097319 -0.475091
v 0.412682 -0.249760 -0.781245
v 0.172830 -0.275987 -0.495189
v 0.682592 0.123546 -0.520704
v 0.442740 0.097319 -0.234648
v 0.699443 -0.249760 -0.540801
v 0.459591 -0.275987 -0.254745
vn 0.6409 0.0701 -0.7644
vn 0.0450 -0.9975 -0.0537
vn 0.7663 -0.0000 0.6425
vn -0.6409 -0.0701 0.7644
vn -0.7663 -0.0000 -0.6425
vn -0.0450 0.9975 0.0537
vt 0.625000 0.500000
vt 0.375000 0.500000
vt 0.625000 0.750000
vt 0.375000 0.750000
vt 0.875000 0.500000
vt 0.625000 0.250000
vt 0.125000 0.500000
vt 0.375000 0.250000
vt 0.875000 0.750000
vt 0.625000 1.000000
vt 0.625000 0.000000
vt 0.375000 1.000000
vt 0.375000 0.000000
vt 0.125000 0.750000
s 0
usemtl Flame
f 205/355/152 209/359/152 211/363/152 207/357/152
f 208/358/153 207/357/153 211/364/153 212/366/153
f 212/367/154 211/365/154 209/360/154 210/362/154
f 210/361/155 206/356/155 208/358/155 212/368/155
f 206/356/156 205/355/156 207/357/156 208/358/156
f 210/362/157 209/360/157 205/355/157 206/356/157
o Cube
v 0.391082 0.085480 -0.060967
v 0.208439 0.055190 -0.290217
v 0.409956 -0.207631 -0.037276
v 0.227313 -0.237922 -0.266526
v 0.160610 0.085480 0.122649
v -0.022033 0.055190 -0.106602
v 0.179485 -0.207631 0.146340
v -0.003158 -0.237922 -0.082911
vn 0.6198 0.1028 0.7780
vn 0.0641 -0.9947 0.0804
vn -0.7821 -0.0000 0.6231
vn -0.6198 -0.1028 -0.7780
vn 0.7821 -0.0000 -0.6231
vn -0.0641 0.9947 -0.0804
vt 0.625000 0.500000
vt 0.375000 0.500000
vt 0.625000 0.750000
vt 0.375000 0.750000
vt 0.875000 0.500000
vt 0.625000 0.250000
vt 0.125000 0.500000
vt 0.375000 0.250000
vt 0.875000 0.750000
vt 0.625000 1.000000
vt 0.625000 0.000000
vt 0.375000 1.000000
vt 0.375000 0.000000
vt 0.125000 0.750000
s 0
usemtl Flame
f 213/369/158 217/373/158 219/377/158 215/371/158
f 216/372/159 215/371/159 219/378/159 220/380/159
f 220/381/160 219/379/160 217/374/160 218/376/160
f 218/375/161 214/370/161 216/372/161 220/382/161
f 214/370/162 213/369/162 215/371/162 216/372/162
f 218/376/163 217/374/163 213/369/163 214/370/163
o Cube
v 0.205221 0.036936 0.156941
v 0.409690 0.016172 0.135894
v 0.184566 -0.168613 0.159067
v 0.389035 -0.189378 0.138020
v 0.184067 0.036936 -0.048569
v 0.388536 0.016172 -0.069616
v 0.163411 -0.168613 -0.046443
v 0.367880 -0.189378 -0.067490
vn -0.9897 0.1005 0.1019
vn -0.1000 -0.9949 0.0103
vn -0.1024 -0.0000 -0.9947
vn 0.9897 -0.1005 -0.1019
vn 0.1024 -0.0000 0.9947
vn 0.1000 0.9949 -0.0103
vt 0.625000 0.500000
vt 0.375000 0.500000
vt 0.625000 0.750000
vt 0.375000 0.750000
vt 0.875000 0.500000
vt 0.625000 0.250000
vt 0.125000 0.500000
vt 0.375000 0.250000
vt 0.875000 0.750000
vt 0.625000 1.000000
vt 0.625000 0.000000
vt 0.375000 1.000000
vt 0.375000 0.000000
vt 0.125000 0.750000
s 0
usemtl Flame
f 221/383/164 225/387/164 227/391/164 223/385/164
f 224/386/165 223/385/165 227/392/165 228/394/165
f 228/395/166 227/393/166 225/388/166 226/390/166
f 226/389/167 222/384/167 224/386/167 228/396/167
f 222/384/168 221/383/168 223/385/168 224/386/168
f 226/390/169 225/388/169 221/383/169 222/384/169
o Cube
v 0.254480 0.111994 -0.194242
v 0.375010 0.095119 -0.532992
v 0.248822 -0.247560 -0.178342
v 0.369353 -0.264436 -0.517093
v -0.084644 0.111994 -0.314905
v 0.035887 0.095119 -0.653656
v -0.090301 -0.247560 -0.299006
v 0.030230 -0.264436 -0.637756
vn -0.3349 0.0469 0.9411
vn -0.0157 -0.9989 0.0442
vn -0.9421 -0.0000 -0.3352
vn 0.3349 -0.0469 -0.9411
vn 0.9421 -0.0000 0.3352
vn 0.0157 0.9989 -0.0442
vt 0.625000 0.500000
vt 0.375000 0.500000
vt 0.625000 0.750000
vt 0.375000 0.750000
vt 0.875000 0.500000
vt 0.625000 0.250000
vt 0.125000 0.500000
vt 0.375000 0.250000
vt 0.875000 0.750000
vt 0.625000 1.000000
vt 0.625000 0.000000
vt 0.375000 1.000000
vt 0.375000 0.000000
vt 0.125000 0.750000
s 0
usemtl Flame
f 229/397/170 233/401/170 235/405/170 231/399/170
f 232/400/171 231/399/171 235/406/171 236/408/171
f 236/409/172 235/407/172 233/402/172 234/404/172
f 234/403/173 230/398/173 232/400/173 236/410/173
f 230/398/174 229/397/174 231/399/174 232/400/174
f 234/404/175 233/402/175 229/397/175 230/398/175
o Cube
v -0.083563 0.082832 0.263964
v 0.051802 0.054052 0.008258
v -0.097028 -0.206493 0.289400
v 0.038337 -0.235273 0.033694
v -0.340530 0.082832 0.127931
v -0.205166 0.054052 -0.127775
v -0.353996 -0.206493 0.153367
v -0.218631 -0.235273 -0.102339
vn -0.4656 0.0990 0.8795
vn -0.0463 -0.9951 0.0875
vn -0.8838 -0.0000 -0.4679
vn 0.4656 -0.0990 -0.8795
vn 0.8838 -0.0000 0.4679
vn 0.0463 0.9951 -0.0875
vt 0.625000 0.500000
vt 0.375000 0.500000
vt 0.625000 0.750000
vt 0.375000 0.750000
vt 0.875000 0.500000
vt 0.625000 0.250000
vt 0.125000 0.500000
vt 0.375000 0.250000
vt 0.875000 0.750000
vt 0.625000 1.000000
vt 0.625000 0.000000
vt 0.375000 1.000000
vt 0.375000 0.000000
vt 0.125000 0.750000
s 0
usemtl Flame
f 237/411/176 241/415/176 243/419/176 239/413/176
f 240/414/177 239/413/177 243/420/177 244/422/177
f 244/423/178 243/421/178 241/416/178 242/418/178
f 242/417/179 238/412/179 240/414/179 244/424/179
f 238/412/180 237/411/180 239/413/180 240/414/180
f 242/418/181 241/416/181 237/411/181 238/412/181
o Cube
v -0.431978 0.046674 -0.429986
v -0.231680 0.026136 -0.326936
v -0.450240 -0.178578 -0.439382
v -0.249943 -0.199116 -0.336332
v -0.328500 0.046674 -0.631115
v -0.128202 0.026136 -0.528065
v -0.346763 -0.178578 -0.640511
v -0.146465 -0.199116 -0.537461
vn -0.8855 0.0908 -0.4556
vn -0.0807 -0.9959 -0.0415
vn 0.4575 -0.0000 -0.8892
vn 0.8855 -0.0908 0.4556
vn -0.4575 -0.0000 0.8892
vn 0.0807 0.9959 0.0415
vt 0.625000 0.500000
vt 0.375000 0.500000
vt 0.625000 0.750000
vt 0.375000 0.750000
vt 0.875000 0.500000
vt 0.625000 0.250000
vt 0.125000 0.500000
vt 0.375000 0.250000
vt 0.875000 0.750000
vt 0.625000 1.000000
vt 0.625000 0.000000
vt 0.375000 1.000000
vt 0.375000 0.000000
vt 0.125000 0.750000
s 0
usemtl Flame
f 245/425/182 249/429/182 251/433/182 247/427/182
f 248/428/183 247/427/183 251/434/183 252/436/183
f 252/437/184 251/435/184 249/430/184 250/432/184
f 250/431/185 246/426/185 248/428/185 252/438/185
f 246/426/186 245/425/186 247/427/186 248/428/186
f 250/432/187 249/430/187 245/425/187 246/426/187
o Cube
v 0.603249 0.037577 0.364412
v 0.452303 0.023046 0.214039
v 0.613543 -0.175487 0.374667
v 0.462598 -0.190019 0.224294
v 0.452526 0.037577 0.515708
v 0.301581 0.023046 0.365335
v 0.462821 -0.175487 0.525963
v 0.311876 -0.190019 0.375590
vn 0.7068 0.0680 0.7041
vn 0.0482 -0.9977 0.0480
vn -0.7058 -0.0000 0.7084
vn -0.7068 -0.0680 -0.7041
vn 0.7058 -0.0000 -0.7084
vn -0.0482 0.9977 -0.0480
vt 0.625000 0.500000
vt 0.375000 0.500000
vt 0.625000 0.750000
vt 0.375000 0.750000
vt 0.875000 0.500000
vt 0.625000 0.250000
vt 0.125000 0.500000
vt 0.375000 0.250000
vt 0.875000 0.750000
vt 0.625000 1.000000
vt 0.625000 0.000000
vt 0.375000 1.000000
vt 0.375000 0.000000
vt 0.125000 0.750000
s 0
usemtl Flame
f 253/439/188 257/443/188 259/447/188 255/441/188
f 256/442/189 255/441/189 259/448/189 260/450/189
f 260/451/190 259/449/190 257/444/190 258/446/190
f 258/445/191 254/440/191 256/442/191 260/452/191
f 254/440/192 253/439/192 255/441/192 256/442/192
f 258/446/193 257/444/193 253/439/193 254/440/193
o Cube
v -0.352547 0.106922 0.010457
v -0.197615 0.073381 0.304931
v -0.368164 -0.225822 -0.019227
v -0.213232 -0.259364 0.275247
v -0.056580 0.106922 -0.145260
v 0.098351 0.073381 0.149214
v -0.072198 -0.225822 -0.174944
v 0.082734 -0.259364 0.119530
vn -0.4633 0.1003 -0.8805
vn -0.0467 -0.9950 -0.0888
vn 0.8850 -0.0000 -0.4656
vn 0.4633 -0.1003 0.8805
vn -0.8850 -0.0000 0.4656
vn 0.0467 0.9950 0.0888
vt 0.625000 0.500000
vt 0.375000 0.500000
vt 0.625000 0.750000
vt 0.375000 0.750000
vt 0.875000 0.500000
vt 0.625000 0.250000
vt 0.125000 0.500000
vt 0.375000 0.250000
vt 0.875000 0.750000
vt 0.625000 1.000000
vt 0.625000 0.000000
vt 0.375000 1.000000
vt 0.375000 0.000000
vt 0.125000 0.750000
s 0
usemtl Flame
f 261/453/194 265/457/194 267/461/194 263/455/194
f 264/456/195 263/455/195 267/462/195 268/464/195
f 268/465/196 267/463/196 265/458/196 266/460/196
f 266/459/197 262/454/197 264/456/197 268/466/197
f 262/454/198 261/453/198 263/455/198 264/456/198
f 266/460/199 265/458/199 261/453/199 262/454/199
o Cube
v 0.630372 0.112485 -0.510434
v 0.293229 0.079728 -0.582001
v 0.662415 -0.232169 -0.503632
v 0.325273 -0.264927 -0.575199
v 0.558483 0.112485 -0.171773
v 0.221340 0.079728 -0.243339
v 0.590526 -0.232169 -0.164971
v 0.253384 -0.264927 -0.236537
vn 0.9738 0.0946 0.2067
vn 0.0926 -0.9955 0.0196
vn -0.2076 -0.0000 0.9782
vn -0.9738 -0.0946 -0.2067
vn 0.2076 -0.0000 -0.9782
vn -0.0926 0.9955 -0.0196
vt 0.625000 0.500000
vt 0.375000 0.500000
vt 0.625000 0.750000
vt 0.375000 0.750000
vt 0.875000 0.500000
vt 0.625000 0.250000
vt 0.125000 0.500000
vt 0.375000 0.250000
vt 0.875000 0.750000
vt 0.625000 1.000000
vt 0.625000 0.000000
vt 0.375000 1.000000
vt 0.375000 0.000000
vt 0.125000 0.750000
s 0
usemtl Flame
f 269/467/200 273/471/200 275/475/200 271/469/200
f 272/470/201 271/469/201 275/476/201 276/478/201
f 276/479/202 275/477/202 273/472/202 274/474/202
f 274/473/203 270/468/203 272/470/203 276/480/203
f 270/468/204 269/467/204 271/469/204 272/470/204
f 274/474/205 273/472/205 269/467/205 270/468/205
o Cube
v -0.294583 0.110813 -0.084492
v -0.115577 0.094177 -0.393869
v -0.302915 -0.246618 -0.070092
v -0.123909 -0.263254 -0.379469
v -0.604295 0.110813 -0.263691
v -0.425289 0.094177 -0.573068
v -0.612627 -0.246618 -0.249292
v -0.433621 -0.263255 -0.558669
vn -0.5003 0.0465 0.8646
vn -0.0233 -0.9989 0.0402
vn -0.8656 -0.0000 -0.5008
vn 0.5003 -0.0465 -0.8646
vn 0.8656 -0.0000 0.5008
vn 0.0233 0.9989 -0.0402
vt 0.625000 0.500000
vt 0.375000 0.500000
vt 0.625000 0.750000
vt 0.375000 0.750000
vt 0.875000 0.500000
vt 0.625000 0.250000
vt 0.125000 0.500000
vt 0.375000 0.250000
vt 0.875000 0.750000
vt 0.625000 1.000000
vt 0.625000 0.000000
vt 0.375000 1.000000
vt 0.375000 0.000000
vt 0.125000 0.750000
s 0
usemtl Flame
f 277/481/206 281/485/206 283/489/206 279/483/206
f 280/484/207 279/483/207 283/490/207 284/492/207
f 284/493/208 283/491/208 281/486/208 282/488/208
f 282/487/209 278/482/209 280/484/209 284/494/209
f 278/482/210 277/481/210 279/483/210 280/484/210
f 282/488/211 281/486/211 277/481/211 278/482/211
o Cube
v -0.086626 0.072937 -0.125728
v -0.272897 0.050349 0.077565
v -0.071366 -0.202790 -0.142382
v -0.257638 -0.225378 0.060911
v 0.117348 0.072937 0.061167
v -0.068923 0.050349 0.264460
v 0.132608 -0.202790 0.044513
v -0.053663 -0.225378 0.247806
vn 0.6733 0.0816 -0.7348
vn 0.0552 -0.9967 -0.0602
vn 0.7373 -0.0000 0.6756
vn -0.6733 -0.0816 0.7348
vn -0.7373 -0.0000 -0.6756
vn -0.0552 0.9967 0.0602
vt 0.625000 0.500000
vt 0.375000 0.500000
vt 0.625000 0.750000
vt 0.375000 0.750000
vt 0.875000 0.500000
vt 0.625000 0.250000
vt 0.125000 0.500000
vt 0.375000 0.250000
vt 0.875000 0.750000
vt 0.625000 1.000000
vt 0.625000 0.000000
vt 0.375000 1.000000
vt 0.375000 0.000000
vt 0.125000 0.750000
s 0
usemtl Flame
f 285/495/212 289/499/212 291/503/212 287/497/212
f 288/498/213 287/497/213 291/504/213 292/506/213
f 292/507/214 291/505/214 289/500/214 290/502/214
f 290/501/215 286/496/215 288/498/215 292/508/215
f 286/496/216 285/495/216 287/497/216 288/498/216
f 290/502/217 289/500/217 285/495/217 286/496/217
o Cube
v 0.479717 -0.049235 -0.304210
v 0.446189 -0.051574 -0.264944
v 0.481236 -0.100867 -0.305989
v 0.447709 -0.103207 -0.266724
v 0.519023 -0.049235 -0.270648
v 0.485495 -0.051574 -0.231382
v 0.520542 -0.100867 -0.272427
v 0.487014 -0.103207 -0.233162
vn 0.6487 0.0453 -0.7597
vn 0.0294 -0.9990 -0.0344
vn 0.7605 -0.0000 0.6494
vn -0.6487 -0.0453 0.7597
vn -0.7605 -0.0000 -0.6494
vn -0.0294 0.9990 0.0344
vt 0.625000 0.500000
vt 0.375000 0.500000
vt 0.625000 0.750000
vt 0.375000 0.750000
vt 0.875000 0.500000
vt 0.625000 0.250000
vt 0.125000 0.500000
vt 0.375000 0.250000
vt 0.875000 0.750000
vt 0.625000 1.000000
vt 0.625000 0.000000
vt 0.375000 1.000000
vt 0.375000 0.000000
vt 0.125000 0.750000
s 0
usemtl Flame
f 293/509/218 297/513/218 299/517/218 295/511/218
f 296/512/219 295/511/219 299/518/219 300/520/219
f 300/521/220 299/519/220 297/514/220 298/516/220
f 298/515/221 294/510/221 296/512/221 300/522/221
f 294/510/222 293/509/222 295/511/222 296/512/222
f 298/516/223 297/514/223 293/509/223 294/510/223
o Cube
v 0.224858 -0.055491 0.356154
v 0.203548 -0.059234 0.387273
v 0.226972 -0.093207 0.353066
v 0.205663 -0.096950 0.384185
v 0.256130 -0.055491 0.377568
v 0.234820 -0.059234 0.408687
v 0.258244 -0.093207 0.374480
v 0.236935 -0.096950 0.405599
vn 0.5622 0.0987 -0.8211
vn 0.0558 -0.9951 -0.0815
vn 0.8251 -0.0000 0.5650
vn -0.5622 -0.0987 0.8211
vn -0.8251 -0.0000 -0.5650
vn -0.0558 0.9951 0.0815
vt 0.625000 0.500000
vt 0.375000 0.500000
vt 0.625000 0.750000
vt 0.375000 0.750000
vt 0.875000 0.500000
vt 0.625000 0.250000
vt 0.125000 0.500000
vt 0.375000 0.250000
vt 0.875000 0.750000
vt 0.625000 1.000000
vt 0.625000 0.000000
vt 0.375000 1.000000
vt 0.375000 0.000000
vt 0.125000 0.750000
s 0
usemtl Flame
f 301/523/224 305/527/224 307/531/224 303/525/224
f 304/526/225 303/525/225 307/532/225 308/534/225
f 308/535/226 307/533/226 305/528/226 306/530/226
f 306/529/227 302/524/227 304/526/227 308/536/227
f 302/524/228 301/523/228 303/525/228 304/526/228
f 306/530/229 305/528/229 301/523/229 302/524/229
o Cube
v -0.254096 -0.051215 -0.189793
v -0.299523 -0.053913 -0.203019
v -0.251505 -0.098529 -0.189039
v -0.296933 -0.101227 -0.202265
v -0.267343 -0.051215 -0.144291
v -0.312771 -0.053913 -0.157518
v -0.264753 -0.098529 -0.143537
v -0.310181 -0.101227 -0.156764
vn 0.9586 0.0569 0.2791
vn 0.0547 -0.9984 0.0159
vn -0.2795 -0.0000 0.9601
vn -0.9586 -0.0569 -0.2791
vn 0.2795 -0.0000 -0.9601
vn -0.0547 0.9984 -0.0159
vt 0.625000 0.500000
vt 0.375000 0.500000
vt 0.625000 0.750000
vt 0.375000 0.750000
vt 0.875000 0.500000
vt 0.625000 0.250000
vt 0.125000 0.500000
vt 0.375000 0.250000
vt 0.875000 0.750000
vt 0.625000 1.000000
vt 0.625000 0.000000
vt 0.375000 1.000000
vt 0.375000 0.000000
vt 0.125000 0.750000
s 0
usemtl Flame
f 309/537/230 313/541/230 315/545/230 311/539/230
f 312/540/231 311/539/231 315/546/231 316/548/231
f 316/549/232 315/547/232 313/542/232 314/544/232
f 314/543/233 310/538/233 312/540/233 316/550/233
f 310/538/234 309/537/234 311/539/234 312/540/234
f 314/544/235 313/542/235 309/537/235 310/538/235
o Cube
v -0.159886 -0.057027 0.044630
v -0.133028 -0.059924 0.021429
v -0.162078 -0.092518 0.046524
v -0.135220 -0.095414 0.023323
v -0.183163 -0.057027 0.017683
v -0.156306 -0.059924 -0.005517
v -0.185356 -0.092518 0.019577
v -0.158498 -0.095414 -0.003624
vn -0.7542 0.0814 0.6515
vn -0.0616 -0.9967 0.0532
vn -0.6537 -0.0000 -0.7567
vn 0.7542 -0.0814 -0.6515
vn 0.6537 -0.0000 0.7567
vn 0.0616 0.9967 -0.0532
vt 0.625000 0.500000
vt 0.375000 0.500000
vt 0.625000 0.750000
vt 0.375000 0.750000
vt 0.875000 0.500000
vt 0.625000 0.250000
vt 0.125000 0.500000
vt 0.375000 0.250000
vt 0.875000 0.750000
vt 0.625000 1.000000
vt 0.625000 0.000000
vt 0.375000 1.000000
vt 0.375000 0.000000
vt 0.125000 0.750000
s 0
usemtl Flame
f 317/551/236 321/555/236 323/559/236 319/553/236
f 320/554/237 319/553/237 323/560/237 324/562/237
f 324/563/238 323/561/238 321/556/238 322/558/238
f 322/557/239 318/552/239 320/554/239 324/564/239
